10155276
8412945
8832878
9800543
9313655
11663880
10148805
10107325
9793867
11117620
10816605
10043081
16138523
15115409
13992254
14116347
13679711
11999385
11080349
6340424
4874704
5014786
5075374
8833470
14941691
13810246
10620577
10662242
10610562
8075916
8355447
8920678
12947393
12781028
12009932
7540272
5761289
5972337
6112257
5811754
9564256
9791726
7724476
8724783
10013975
8312887
7553195
7975199
7845904
8622336
8122557
8991332
8678076
8319933
9260176
8873022
9875582
11179033
10203692
11371520
10646734
10084760
9951088
9556036
7395164
6674027
6574835
6319484
6362084
6654038
7044622
6984190
6221783
6569641
13547249
8707886
10657908
11490546
11431547
11840680
12624786
12301888
11434026
14600265
13319362
10722408
10866239
15685495
22693609
21079263
16738380
16764799
7552017
9263645
14050173
14602126
7309254
5329719
6324243
7364530
8697518
9365895
8154067
7264363
6349945
6683344
7962199
7824368
6195286
4959373
4532127
4858042
8905604
12480952
10751843
9788679
10328743
10129236
11086317
10615797
10393659
9572513
11259086
11118354
11153271
11695364
11186728
10595672
10513430
9938719
9826496
9101879
9259933
8659277
12413879
14630013
12244807
12310786
20205457
21215302
19634769
19218660
12016467
10419086
9537942
9954920
6512909
5278949
6981649
5794790
5457527
4905409
5298664
5815482
11346149
10938653
10759471
10959770
15530729
16110750
14614314
13211813
12671832
12396447
11426853
11329074
11126749
11170256
11379218
10633931
10749449
4122902
